subsetID,Q_peak,Qpeak_reduction,cost,floodedArea,rank,distance
_400175,161.64991760253906,2.983627319335937,69708.64288967372,8475.063011100001,0,inf
_500105,161.60043334960938,3.033111572265625,72835.18427245157,8619.0755159,0,0.02910766695699972
_450099,161.07244873046875,3.56109619140625,87886.61093979496,10320.4603641,0,0.03283969496400501
_470172,160.9783935546875,3.6551513671875,96605.70634744076,13759.5828401,0,0.010743265831728806
_490130,160.90414428710938,3.729400634765625,99558.22766467588,13853.53016769,0,0.009415978217288743
_420165,160.7657012939453,3.867843627929688,99620.55564927672,12670.5957271,0,0.011396626719662581
_470092,160.63723754882812,3.996307373046875,102158.5102295002,13644.2153641,0,0.01112112247253312
_440190,160.5567169189453,4.076828002929688,107855.11255755408,13556.0319144,0,0.007248088798651698
_490062,160.55418395996094,4.079360961914063,113408.38997993164,14527.079733599998,0,0.007373407145675149
_470190,160.43849182128906,4.1950531005859375,115565.37620329812,14851.4516701,0,0.01254298323046701
_490139,160.35569763183594,4.277847290039063,126815.25595372956,15734.316039599998,0,0.015895281266849935
_450060,160.14208984375,4.491455078125,127589.151434048,20327.9073074,0,0.014681975877850608
_500095,160.01150512695312,4.622039794921875,130127.10601427149,21301.5269444,0,0.023033478732142364
_500126,159.58477783203125,5.04876708984375,130866.25125030326,19111.2687043,0,0.02592412857151738
_460202,159.4574737548828,5.176071166992188,141920.2914735797,22969.667987699995,0,0.018198144676376135
_460009,159.26866149902344,5.3648834228515625,147203.01016609397,23739.1606677,0,0.011995002248099
_420076,159.26463317871094,5.368911743164063,154406.51806915438,25433.808126699994,0,0.0053710154630514755
_420156,159.20330810546875,5.43023681640625,155117.8856285285,25032.3238812,0,0.0038372316958604543
_450186,159.1957550048828,5.437789916992188,157605.26866328932,25066.29340956,0,0.0021575575955741335
_490164,159.1732635498047,5.4602813720703125,157877.608966011,25810.5896805,0,0.0014108613911691982
_440170,159.1660614013672,5.4674835205078125,158297.8127096178,25443.9637354,0,0.001273112817977973
_500191,159.1484375,5.485107421875,158720.41969505724,24568.5812607,0,0.010312984482128376
_470178,158.91065979003906,5.7228851318359375,159115.20934790486,25133.792031699995,0,0.014806762717816318
_500145,158.79054260253906,5.8430023193359375,160867.53256073094,22466.6322257,0,0.010228344578217956
_380071,158.69606018066406,5.9374847412109375,164210.18314519236,27915.7210544,0,0.007062019624272026
_390134,158.6657257080078,5.967819213867188,166969.90648267485,28693.986853699997,0,0.00450592462909351
_420064,158.61669921875,6.016845703125,168134.63328692553,25229.8880127,0,0.0043665241312973845
_500050,158.5784912109375,6.0550537109375,169629.6758263272,24728.4298076,0,0.0029738700873264
_390139,158.5691680908203,6.064376831054688,171261.1746697034,25373.9005175,0,0.0021743247654555055
_430149,158.5480194091797,6.0855255126953125,172389.39916380972,25506.6956069,0,0.002578653219081264
_460132,158.51480102539062,6.118743896484375,172516.36565786297,28293.0174997,0,0.006507807013412499
_500171,158.39134216308594,6.242202758789063,173402.07426705226,26272.8581342,0,0.0054422749755339275
_450079,158.3867950439453,6.246749877929688,173697.32292053875,28509.9964244,0,0.00885321933805753
_430021,158.21180725097656,6.4217376708984375,178499.81308688768,26279.99504427,0,0.009296664527179265
_420053,158.1976318359375,6.4359130859375,178980.04161305298,29279.4891044,0,0.006979484116561343
_460172,158.05931091308594,6.574234008789063,181305.6110584677,26948.8485565,0,0.0070190088550817365
_490137,158.0587615966797,6.5747833251953125,183405.5659053617,26956.832636294,0,0.0030769707360914066
_500146,158.0026397705078,6.630905151367188,183711.25168481848,27477.7236363,0,0.0034900068533516046
_500108,157.98965454101562,6.643890380859375,185599.64876772053,25941.1178268,0,0.0029792595347882
_380163,157.95497131347656,6.6785736083984375,186837.79306759636,27621.736141099995,0,0.004689114845520933
_470115,157.88397216796875,6.74957275390625,187127.30945418,26440.3228254,0,0.007939067111550529
_460079,157.76910400390625,6.86444091796875,188656.281865508,27305.1870223,0,0.006763678615062523
_450158,157.7686004638672,6.8649444580078125,193433.69618519788,27644.5146961,0,0.0025198312353160515
_490197,157.75111389160156,6.8824310302734375,193772.0676558641,26791.9840679,0,0.002288898780107377
_490020,157.7305145263672,6.9030303955078125,195673.7757189836,27682.51492017,0,0.0029792595347882802
_450105,157.7034454345703,6.930099487304688,196898.60903864203,26935.996572699994,0,0.01015896794013481
_460070,157.501953125,7.131591796875,199027.66985929108,30075.3042313,0,0.0113536645892648
_430125,157.4459686279297,7.1875762939453125,200421.50093943224,27871.4610692,0,0.006446828950396875
_470093,157.38157653808594,7.2519683837890625,203886.4137928764,27162.942945799998,0,0.008415291186558711
_470126,157.27520751953125,7.35833740234375,205255.23825241224,28449.8701068,0,0.005194059816519159
_470177,157.2632293701172,7.370315551757812,205436.4072903676,29223.497351499995,0,0.0010462807812125921
_450159,157.2591094970703,7.374435424804687,206424.36837309983,28136.5625828,0,0.0017088764442147928
_430156,157.24298095703125,7.39056396484375,208014.96158989472,29228.1359061,0,0.0024786699592486516
_460013,157.21527099609375,7.41827392578125,208562.94867314547,29367.5098563,0,0.002055048353460333
_500121,157.21453857421875,7.41900634765625,210662.90352003943,29375.493936094,0,0.0018824049386308988
_470196,157.19378662109375,7.43975830078125,211494.1264566875,29918.4397427,0,0.0011776897144286252
_460159,157.1934814453125,7.4400634765625,211653.75245929527,30409.5114397,0,0.003061006055960107
_450101,157.14547729492188,7.488067626953125,214780.29384207312,30553.5239445,0,0.011475519416652483
_470137,156.93145751953125,7.70208740234375,215017.01835747773,30853.9042392,0,0.012344652485770553
_450072,156.90475463867188,7.728790283203125,222952.7127302167,31404.3901856,0,0.0123877680654655
_500109,156.68963623046875,7.94390869140625,223189.4372456213,31704.7704803,0,0.010983553253492687
_500106,156.68511962890625,7.94842529296875,229620.36170636045,37304.79160599999,0,0.013157625702169122
_460102,156.4791717529297,8.154373168945312,237004.03682477205,32111.1941801,0,0.01592828465511239
_420003,156.4512481689453,8.182296752929688,248658.612563247,38143.1358924,0,0.006295175571801606
_470042,156.4321746826172,8.201370239257812,249557.2959236313,39625.0197216,0,0.009166798702576672
_450020,156.22764587402344,8.405899047851562,249763.0492846056,40570.5825623,0,0.010252969087356633
_460046,156.18508911132812,8.448455810546875,251125.9092103164,39011.9219462,0,0.011973922892014528
_500107,155.9448699951172,8.688674926757812,252235.04492743395,33337.40246696,0,0.012913924992044275
_490045,155.87974548339844,8.753799438476562,253751.15793826032,39579.440401,0,0.008459282758306638
_460077,155.83546447753906,8.798080444335938,263984.19904307846,40319.5830457,0,0.009156993322629575
_490054,155.7498779296875,8.8836669921875,265203.2695371231,40758.2828286,0,0.005701236494512218
_430133,155.71311950683594,8.920425415039062,266522.15362330194,41293.20268269999,0,0.010812870876656108
_500178,155.49351501464844,9.140029907226562,267324.1699530295,41172.7980752,0,0.014843674166038434
_500090,155.38697814941406,9.246566772460938,272288.116140313,40841.2906374,0,0.007709740758456752
_430055,155.38134765625,9.252197265625,276653.568853988,43623.4971566,0,0.004291991812636861
_460048,155.321044921875,9.3125,277095.4695374915,41668.4718225,0,0.007368336365117939
_470203,155.23101806640625,9.40252685546875,280795.9418614006,43286.0658503,0,0.007087015681735606
_460067,155.2048797607422,9.428665161132812,284225.9886658133,41387.5533105,0,0.014710266009982716
_410214,154.9255828857422,9.707962036132812,288477.5618311201,42468.17158249999,0,0.014336445562371155
_490135,154.921142578125,9.71240234375,293254.97615081,42807.4992563,0,0.0026252212340118013
_500022,154.9208221435547,9.712722778320312,295354.930997704,42815.483336094,0,0.0024657327067198077
_420099,154.9129638671875,9.7205810546875,299304.1857301664,44169.8785035,0,0.010014718800518168
_500071,154.73052978515625,9.90301513671875,302537.90823832474,44408.0168245,0,0.00918113673846602
_500140,154.71685791015625,9.91668701171875,303492.582655806,43633.0842847,0,0.0074649408539341645
_430183,154.5576629638672,10.075881958007812,304458.1444195794,44029.0171555,0,0.007348825087917304
_460156,154.5572967529297,10.076248168945312,306558.0992664734,44037.001235294,0,0.0018597184509892702
_500057,154.55343627929688,10.080108642578123,309235.55873926927,44368.3448293,0,0.0052232534869453015
_460000,154.54318237304688,10.090362548828123,319727.7728366812,44280.9094873,0,0.005300178875160586
_500077,154.53564453125,10.097900390625,322215.155871442,44314.87901566,0,0.00953210392146927
_450219,154.375732421875,10.2578125,328077.94002985687,46835.8700765,0,0.010085035734779695
_460047,154.36495971679688,10.268585205078123,331766.7830024559,47048.0229242,0,0.006919089925318658
_500172,154.26087951660156,10.372665405273438,334880.08280351595,46795.1879846,0,0.020698332378581367
_450100,153.89276123046875,10.74078369140625,337878.7633654326,48572.4409947,0,0.02490727517114602
_490038,153.65908813476562,10.974456787109377,338518.8056832419,48853.5753137,0,0.03943357029418744
_410124,153.10595703125,11.527587890625,362009.5595973325,50847.0897897,0,0.03940901836686107
_470012,152.87290954589844,11.760635375976562,362649.6019151418,51128.2241087,0,0.01239653803570481
_470065,152.8137969970703,11.819747924804688,364634.8083252765,51414.6082445,0,0.005607556909390342
_430126,152.7925567626953,11.840988159179688,369571.3771153947,52458.6907914,0,0.006541960656070961
_460195,152.72494506835938,11.908599853515623,373251.275202033,52830.6844222,0,0.02246353965244309
_490057,152.3218536376953,12.311691284179688,380827.569965263,52973.6214617,0,0.05919457077884459
_490127,151.83546447753906,12.798080444335938,441752.0847428743,71560.0364957,0,0.042274501115704584
_500167,151.81361389160156,12.819931030273438,443804.8934590581,71699.8918315,0,0.011034793131593716
_500034,151.68458557128906,12.948959350585938,456174.7435573925,72523.80643167,0,0.01133943642605986
_430006,151.6646728515625,12.9688720703125,459301.2849401704,72667.81893647,0,0.006666223894861581
_420203,151.66348266601562,12.970062255859377,472640.7077317155,73252.19858297,0,0.007495897215457296
_490202,151.63287353515625,13.00067138671875,476923.3415899089,73992.12561747001,0,0.014562078356148773
_470043,151.34886169433594,13.284683227539062,478887.61184593407,74599.2298862,0,0.01750642243662029
_490030,151.32546997070312,13.308074951171877,492273.5274676312,76240.85408420001,0,0.0077163535893551415
_500055,151.32122802734375,13.31231689453125,497592.5447887894,75525.72542380002,0,0.015903562585801168
_500142,151.03782653808594,13.595718383789062,505290.12745684426,85672.75126297,0,0.05779892893983476
_500124,150.328369140625,14.30517578125,550714.2462989965,92046.1946228,0,0.06367599847910949
_500177,150.07176208496094,14.561782836914062,577953.6867511322,85766.79668770001,0,0.025457442666278248
_500159,149.93142700195312,14.702117919921877,578579.0893532799,87681.6828422,0,0.019911736322239013
_490173,149.77203369140625,14.86151123046875,600937.5112110454,88999.7964202,0,0.015628244230881987
_500147,149.76344299316406,14.870101928710938,604064.0525938233,89143.808925,0,0.0048988422059524995
_500164,149.74542236328125,14.88812255859375,611808.9314622569,89419.42283649002,0,0.016946561499034757
_500196,149.49444580078125,15.13909912109375,622086.3065119861,91399.7243312,0,0.04479961935918124
_440109,149.33441162109375,15.29913330078125,692670.3500475597,95265.4684721,0,0.03300748879176303
_470041,149.3159942626953,15.317550659179688,695430.0733850421,96043.7342714,0,0.004378693642017363
_490104,149.3091278076172,15.324417114257812,702221.6531484263,95784.587698,0,0.012503279414388287
_480102,149.2878875732422,15.345657348632812,727583.9733036922,103594.1982244,0,0.024109649795038702
_500117,148.9661407470703,15.667404174804688,732257.2934418693,98734.9225529,0,0.018786622517921882
_500081,148.86639404296875,15.76715087890625,733916.4963278846,102214.7183372,0,0.03197654936976112
_500223,148.442626953125,16.19091796875,764499.0158071201,99685.09753666002,0,0.07092772816665709
_490110,147.83827209472656,16.795272827148438,820164.2243428894,104471.1265773,0,0.06843133990011005
_450157,147.4773712158203,17.156173706054688,850664.3328942878,109195.5991256,0,0.054246216562166466
_480095,147.0073699951172,17.626174926757812,881192.3550684337,112742.7568009,0,0.06354707384895028
_500194,146.60061645507812,18.032928466796875,932849.7954547864,114899.5494499,0,0.06331759849337829
_470022,146.55007934570312,18.083465576171875,1009160.3227971116,139869.3450253,0,0.030635845874480726
_500093,146.53433227539062,18.09921264648437,1011920.046134594,140647.6108246,0,0.036296379001503405
_470069,145.73362731933594,18.899917602539062,1021161.1367441432,132872.0495258,0,0.04796438024866675
_460135,145.72146606445312,18.912078857421875,1057226.8792830457,140021.65024915,0,0.016134831939750596
_440068,145.72113037109375,18.91241455078125,1065285.4936436696,140156.77782755,0,0.004263119935334949
_490163,145.69912719726562,18.93441772460937,1066778.1823839124,140540.76947504998,0,0.007706057608284208
_500101,145.5854034423828,19.048141479492188,1071996.7377509065,141385.41829914998,0,0.011529798429487655
_450085,145.53622436523438,19.097320556640625,1081266.0762321288,141717.62340055,0,0.014403825758178484
_500030,145.4268341064453,19.206710815429688,1095070.372936216,142685.45857975,0,0.027525047745468267
_500005,145.24386596679688,19.389678955078125,1126538.7001321171,153694.00544615,0,0.03367464797244162
_490068,144.99526977539062,19.63827514648437,1142279.232994598,155944.67522504998,0,0.0201976806344253
_460086,144.9933624267578,19.640182495117188,1155777.629449874,156598.02143045,0,0.034878669678247945
_490143,144.46292114257812,20.170623779296875,1181728.3523760228,168682.76020895,0,0.031648518132281984
_500051,144.44630432128906,20.187240600585938,1184488.0757135053,169461.02600825,0,0.022276464430088343
_500151,144.44142150878906,20.192123413085938,1242178.436874348,165746.43528125,0,0.02569491677680181
_490124,144.43624877929688,20.197296142578125,1255846.4887420123,166554.40922735,0,0.025130606951583985
_500136,143.9739227294922,20.65962219238281,1261311.6652813691,159630.54592165,0,0.044165272043437655
_500098,143.8529510498047,20.780593872070312,1315848.619227052,183140.57002149,0,0.03071259265026015
_500113,143.77487182617188,20.858673095703125,1325902.6663097744,185257.81209049,0,0.013588981094484044
_490178,143.757080078125,20.87646484375,1343563.9885565783,186394.81167349,0,0.03194323608619743
_490175,143.22503662109375,21.40850830078125,1355136.9601122155,182464.55719299,0,0.042066059974991854
_500088,142.97938537597656,21.65415954589844,1376127.9262362835,192702.947658684,0,0.025288406807706984
_500152,142.87985229492188,21.753692626953125,1388254.0240871848,189775.770317984,0,0.011563940029834009
_470048,142.873046875,21.760498046875,1396973.1194948307,193214.892793984,0,0.015152862113488421
_500110,142.65093994140625,21.98260498046875,1405654.1425566904,186964.48346986,0,0.0135806942686744
_490131,142.63035583496094,22.003189086914062,1408413.8658941728,187742.74926916,0,0.004917626284508081
_480072,142.57723999023438,22.056304931640625,1411366.3872114078,187836.69659675,0,0.012890352064557884
_500208,142.57388305664062,22.05966186523437,1438519.696558608,189305.43238475,0,0.011748032132622613
_470219,142.56967163085938,22.063873291015625,1443663.4945709482,193352.51574859,0,0.007548608177866527
_490176,142.45616149902344,22.17738342285156,1446779.843365741,194105.07978129,0,0.016411565292026593
_430007,142.45436096191406,22.179183959960938,1477188.0998537326,195431.98545979,0,0.01983142555738255
_460062,142.2264862060547,22.407058715820312,1477291.2068343696,199711.66797399,0,0.04778385249190405
_500023,141.34701538085938,23.286529541015625,1489390.368173469,204882.35073779,0,0.09653660535269143
_480059,141.10806274414062,23.52548217773437,1625772.393980193,218909.88994483,0,0.07246767721779082
_490171,140.90318298339844,23.73036193847656,1644655.4217711922,221640.18904083,0,0.059571957153393515
_500175,140.74038696289062,23.89315795898437,1753095.2454385045,231628.14080802,0,0.057196715251598224
_490040,140.62838745117188,24.005157470703125,1775559.7506737134,233348.10089682,0,0.013909384676236118
_470144,140.6138458251953,24.019699096679688,1778319.4740111956,234126.36669612,0,0.005863767959849021
_490161,140.59019470214844,24.04335021972656,1787870.777112062,234645.48592202,0,0.00903093668699006
_490165,140.58404541015625,24.04949951171875,1800492.3003891043,233361.89353572,0,0.013337764379591301
_490144,140.37709045410156,24.25645446777344,1801901.2588633904,229579.32261272,0,0.011183985394521442
_500058,140.33534240722656,24.29820251464844,1804507.7757969408,235033.68240172,0,0.00789941946789253
_500096,140.299072265625,24.33447265625,1815545.54909448,237288.76024512,0,0.008514069689034289
_500184,140.24986267089844,24.38368225097656,1819059.7560241085,231922.11228472,0,0.02415698285121083
_470017,140.06430053710938,24.569244384765625,1857692.85149597,236749.77690416,0,0.022850374176125773
_470038,140.04269409179688,24.590850830078125,1860577.166205729,238186.82183302,0,0.0027206578784996823
_500082,140.02748107910156,24.60606384277344,1861290.873935963,238630.13513722,0,0.01175673172740634
_500024,139.9451141357422,24.68843078613281,1882935.5880634943,239504.93541102,0,0.03059695815899122
_490223,139.91754150390625,24.71600341796875,1935419.305929728,241618.06244712,0,0.03219252864426902
_500212,139.8285675048828,24.804977416992188,1960832.9370265077,247153.71271402,0,0.021175966293342882
_470135,139.7910919189453,24.842453002929688,1981148.759215256,254731.05962132,0,0.02515516247956598
_470208,139.64637756347656,24.98716735839844,2011615.7473052377,256407.77540072,0,0.023547767145395367
_500123,139.62181091308594,25.011734008789062,2028826.8448227933,261471.28268132,0,0.01209528701471226
_460082,139.6174774169922,25.01606750488281,2042531.095310479,262905.64035632,0,0.00693346217550803
_480032,139.60972595214844,25.02381896972656,2047044.72354062,277314.54181592,0,0.00949859431941759
_460206,139.4313201904297,25.202224731445312,2048716.0752744216,260312.00748062003,0,0.009168202253636699
_500003,139.4312286376953,25.202316284179688,2053145.7083847583,260687.68197072,0,0.014995864202054081
_500026,139.1830596923828,25.450485229492188,2063531.7762227375,258943.73123192,0,0.019488937301970655
_490019,139.16641235351562,25.46713256835937,2078801.40463984,259195.62356372,0,0.01911117688830872
_500160,139.08108520507812,25.552459716796875,2106146.681662675,265227.7634871199,0,0.023162095818541804
_500002,138.98841857910156,25.64512634277344,2124427.3195884307,267375.70514546,0,0.011696442966612377
_490060,138.98822021484375,25.64532470703125,2128856.952698767,267751.37963556,0,0.010921449314268928
_490103,138.94061279296875,25.69293212890625,2149939.2758565787,267782.25358802,0,0.023207296983930467
_490056,138.63194274902344,26.00160217285156,2154876.453313284,273434.13501452,0,0.025388285225359086
_460061,138.5304718017578,26.103073120117188,2176148.105891329,272641.46052472,0,0.019731806448932195
_490180,138.5212860107422,26.11225891113281,2198280.795785801,274562.35243372,0,0.020635688781176602
_480022,138.41297912597656,26.22056579589844,2221345.1531758183,286645.99522872,0,0.036467064484410186
_490149,137.994140625,26.639404296875,2242785.8546793344,289561.90783426,0,0.06989994424840254
_500078,137.68875122070312,26.944793701171875,2338331.546516568,272012.22596016,0,0.060301151867881535
_490162,137.6271209716797,27.006423950195312,2372237.995094452,279145.73657625995,0,0.01886986755957059
_460088,137.6005401611328,27.033004760742188,2381789.298195318,279664.85580216,0,0.011020701041496682
_500141,137.44131469726562,27.19223022460937,2382754.8599590915,280060.78867296,0,0.12235832956134413
_490083,137.43980407714844,27.19374084472656,2709104.283180184,342431.81947567395,0,0.12655347893233415
_500038,137.22653198242188,27.407012939453125,2715919.764353676,341954.8384359739,0,0.018191714931925847
_490002,137.21493530273438,27.418609619140625,2735522.936025684,344013.973373674,0,0.021567008851026748
_480218,136.89138793945312,27.742156982421875,2739652.12129015,340948.181210874,0,0.03012185601675944
_490027,136.63973999023438,27.993804931640625,2756813.038327684,341106.5394823739,0,0.02848747102761983
_480003,136.62203979492188,28.011505126953125,2790186.183759971,345292.012654374,0,0.021375323627928444
_500044,136.614990234375,28.0185546875,2814361.742524648,352952.607059674,0,0.014330184979490606
_500064,136.487060546875,28.146484375,2815663.2627530955,349223.60205287393,0,0.010401452754706407
_480216,136.48365783691406,28.149887084960938,2829161.659208372,349876.948258274,0,0.012856975107178327
_490214,136.4817352294922,28.15180969238281,2851336.3759000506,351182.218854274,0,0.033985793121720585
_490118,136.16880798339844,28.46473693847656,2890167.007586338,373329.309481574,0,inf
_500138,161.64837646484375,2.98516845703125,83649.56832429167,9038.5446998,1,inf
_410195,161.60903930664062,3.024505615234375,86409.29166177416,9816.8104991,1,0.01779037883976506
_500013,161.28839111328125,3.34515380859375,93980.4576194968,13192.0643853,1,0.033361918283651516
_500043,160.9154815673828,3.718063354492188,103736.52975980369,14455.45962539,1,0.03068844755632729
_500176,160.76390075683594,3.8696441650390634,122481.04849722322,15551.07257669,1,0.022161003189187366
_500027,160.5259552001953,4.107589721679688,123124.74097465584,13807.924246199998,1,0.02892178898845234
_370171,160.0980224609375,4.5355224609375,130348.87477153048,21106.1731067,1,0.026370600011194015
_460022,159.9420623779297,4.6914825439453125,132871.87012656225,21097.3999874,1,0.008841678811873165
_470163,159.91864013671875,4.71490478515625,135430.95369795046,21452.4806002,1,0.013038481111163042
_490084,159.633544921875,5.0,135497.11885450617,21664.9184422,1,0.025836721379785425
_500015,159.38999938964844,5.2435455322265625,149788.05359654516,23892.601544699995,1,0.02236294564262921
_500128,159.25701904296875,5.37652587890625,156893.9011039152,25467.77765506,1,0.017941550184734464
_500014,159.04763793945312,5.585906982421875,162496.0734386202,27351.7962625,1,0.01718992271408965
_500170,158.87435913085938,5.759185791015625,163021.42241994396,25708.3143035,1,0.023602426713648317
_500214,158.632080078125,6.00146484375,183068.3802489511,29368.9868837,1,0.0414459360447552
_450022,158.01170349121094,6.621841430664063,184432.1524412456,27092.8610613,1,0.025602746775549478
_480178,158.010986328125,6.62255859375,186532.10728813955,27100.845141094,1,0.0019111855660424615
_500210,158.00010681152344,6.6334381103515625,188538.95606270636,26470.9026668,1,0.010625381773010867
_500063,157.7759552001953,6.857589721679688,190485.3797845516,27086.102056799995,1,0.019910302509048045
_500004,157.62222290039062,7.011322021484375,202867.84231666077,28690.9926043,1,0.014368578681926713
_500091,157.5444793701172,7.0890655517578125,205389.7128619508,28660.6174513,1,0.01845221289202859
_500153,157.25238037109375,7.38116455078125,213974.33366005804,31888.9925828,1,0.036270727628295536
_470081,156.78448486328125,7.84906005859375,223567.35985076532,30184.265004699995,1,0.024878291355273266
_440034,156.74610900878906,7.8874359130859375,228104.24869553407,31062.75367196,1,0.017143019703495726
_500000,156.5828094482422,8.050735473632812,249595.4428567647,42917.5404812,1,0.02558441645716855
_500019,156.32716369628906,8.306381225585938,253891.72415640485,38464.21729349999,1,0.018163690318665642
_500016,156.22589111328125,8.40765380859375,261318.7242071789,41521.7795972,1,0.027431477860490754
_500130,155.7493438720703,8.884201049804688,267303.22438401706,40766.266908394,1,0.022965734986722018
_500202,155.697509765625,8.93603515625,267607.038974858,40064.6269652,1,0.003031319634638246
_470085,155.69342041015625,8.94012451171875,269662.867412369,40273.7721826,1,0.004332415361906025
_470116,155.627685546875,9.005859375,272097.7184647473,41553.2554862,1,0.004141637728632686
_430095,155.62425231933594,9.009292602539062,273688.0921555312,41899.6685166,1,0.008845548289052391
_410060,155.41851806640625,9.21502685546875,273893.8455165055,42845.2313573,1,0.017927936635219563
_500086,155.34841918945312,9.285125732421877,293721.61611274426,45344.33560059999,1,0.023419080687418853
_500053,155.02841186523438,9.605133056640623,296766.23114994296,43196.2588665,1,0.020931364559818543
_460078,154.90866088867188,9.724884033203123,304081.6000498563,44509.2061773,1,0.01517379529486025
_500209,154.77391052246094,9.859634399414062,311392.99141735415,44687.207427,1,0.009321318722840324
_500056,154.74356079101562,9.889984130859377,312097.3574413976,45275.0245035,1,0.01492045598977908
_420105,154.5426788330078,10.090866088867188,327880.8949522827,52770.1928118,1,0.051718775568480466
_500119,153.73348999023438,10.900054931640623,346165.0835908065,54010.7270648,1,0.08127564325750535
_500100,152.81658935546875,11.81695556640625,366057.7114974024,51609.8534117,1,0.04944960613359818
_500204,152.7998809814453,11.833663940429688,382296.1305720806,52551.6078275,1,0.011045519573072465
_500065,152.72207641601562,11.911468505859377,386749.67165730894,53484.030627600005,1,0.019795506772800734
_500046,152.43760681152344,12.195938110351562,398029.05451538775,55176.6139711,1,0.0801185419709953
_500008,151.57278442382812,13.060760498046877,485507.6123027882,74089.20265216999,1,0.07144719769671015
_500137,151.4564971923828,13.177047729492188,490945.63517951785,71727.496168,1,0.032318169171899
_490063,151.12037658691406,13.513168334960938,526583.4500670965,89771.54582780002,1,0.03287452172385299
_450069,151.04241943359375,13.59112548828125,537833.329817528,90654.4101973,1,0.007969257863799973
_490087,151.0393524169922,13.594192504882812,540091.989886271,81672.26852540001,1,0.009208739350923943
_480114,150.93145751953125,13.70208740234375,551524.0203108146,91234.0358069,1,0.017602296453712692
_500169,150.69989013671875,13.93365478515625,552164.0626286239,91515.1701259,1,0.024807840461586756
_500012,150.4838409423828,14.149703979492188,571947.624600604,93412.80504780002,1,0.017954907324637788
_470079,150.46661376953125,14.16693115234375,576984.1880986153,81136.26788449001,1,0.005077844650529035
_500007,150.4100799560547,14.223464965820312,578105.0026138654,81153.18090249,1,0.004314423323753716
_490141,150.38992309570312,14.243621826171877,580664.0861852536,81508.26151529001,1,0.0034987787016469906
_460116,150.3859405517578,14.247604370117188,585301.2148624005,85042.34830249,1,0.00681092109705112
_500165,150.26766967773438,14.365875244140623,586341.993793,86017.3532502,1,0.005626383057541826
_500052,150.2655029296875,14.3680419921875,587839.1694426241,86015.96793949,1,0.004051501299447506
_490128,150.2626495361328,14.370895385742188,597213.4140442115,86436.97966649,1,0.016614537652754655
_490078,149.95993041992188,14.673614501953123,600876.5075836796,87464.3390967,1,0.03592572204295329
_500084,149.7359161376953,14.897628784179688,640237.2412570977,91571.9842067,1,0.03698823282005197
_460194,149.66314697265625,14.97039794921875,672349.8502583136,89905.56360510002,1,0.016460128871560547
_490081,149.65167236328125,14.98187255859375,677337.5569815699,90223.99707660002,1,0.006461040745214187
_490109,149.55856323242188,15.074981689453123,678996.7598675851,93703.7928609,1,0.026383380165113976
_500199,149.40646362304688,15.227081298828123,724609.0661849022,120069.243593,1,0.03761354294398911
_500031,149.08364868164062,15.549896240234377,732516.7510529117,96871.86500446,1,0.02819275887838283
_500068,148.8693084716797,15.764236450195312,744668.8275991095,118839.4804222,1,0.021716234979907198
_490169,148.8370819091797,15.796463012695312,766474.4534256441,121249.9231072,1,0.014086918129518433
_500150,148.83084106445312,15.802703857421877,780142.5052933086,122057.8970533,1,0.013090468433419513
_470035,148.67015075683594,15.963394165039062,784918.2644838506,123016.1473462,1,0.009910349430019713
_500139,148.64639282226562,15.987152099609377,787677.9878213329,123794.4131455,1,0.0028829429069112153
_480098,148.62164306640625,16.01190185546875,787680.2555868044,123304.82367860002,1,0.003935665866398799
_500218,148.6206817626953,16.012863159179688,795932.4584221191,123498.88845380004,1,0.0074052505399239965
_500104,148.51071166992188,16.122833251953125,796287.6589135082,125510.9465368,1,0.005892139851221291
_490101,148.5019989013672,16.131546020507812,799414.200296286,125654.9590416,1,0.07717384371947253
_500125,147.75234985351562,16.881195068359375,930011.5614019212,131580.64366099998,1,0.10045040510401901
_500025,147.13829040527344,17.495254516601562,931783.9357760558,132537.17887799998,1,0.038604793040051155
_490013,146.98666381835938,17.646881103515625,954142.3576338214,133855.292456,1,0.01921942528942166
_470032,146.87367248535156,17.759872436523438,956701.4412052096,134210.3730688,1,0.014741265433628178
_490050,146.70799255371094,17.925552368164062,964873.8600933532,135061.2393099,1,0.027800233024224366
_450063,146.62710571289062,18.006439208984375,1007818.8067528342,139768.9579215,1,0.044310701676498684
_500074,146.22613525390625,18.40740966796875,1036514.4281966448,137585.92216745,1,0.0329601228763437
_500011,146.05003356933594,18.583511352539062,1036906.3794937998,134661.74538215,1,0.037834534392651054
_500029,145.65037536621094,18.983169555664062,1079495.3269214246,141008.02287585,1,0.03163603707737463
_460210,145.6324005126953,19.001144409179688,1079907.450202573,141452.47848455,1,0.006316561999418371
_500207,145.5435791015625,19.0899658203125,1085489.839880777,142080.58278165,1,0.015089912677732102
_480084,145.51747131347656,19.11607360839844,1109746.613514633,143195.18561925,1,0.011395722664628374
_500021,145.48324584960938,19.150299072265625,1110952.8216431418,144877.54920975,1,0.006631518954974996
_490218,145.48219299316406,19.151351928710938,1124545.6425609011,145854.92656924998,1,0.01526557997873548
_490007,145.31564331054688,19.317901611328125,1135457.1296606278,151238.11656345,1,0.016796168053481393
_500122,145.27659606933594,19.356948852539062,1149161.3801483137,152672.47423845,1,0.06064764551380386
_460027,144.4520721435547,20.181472778320312,1210924.1436892168,165920.15803975,1,0.07980770776212243
_500066,144.3216094970703,20.311935424804688,1268549.9446088409,170652.11647449,1,0.04684591203380255
_470129,144.03099060058594,20.602554321289062,1296442.326672445,178473.07601049,1,0.02825766611446376
_500112,144.01312255859375,20.62042236328125,1314103.6489192492,179610.07559349,1,0.009561588568946665
_460108,143.97555541992188,20.657989501953125,1317274.368316908,180966.62870149,1,0.009755578204171361
_500042,143.8788604736328,20.754684448242188,1326757.62146464,179145.56714509,1,0.011133520641610847
_500114,143.80755615234375,20.82598876953125,1330080.4618450725,185511.42127059,1,0.0383866583211217
_500037,143.3975067138672,21.23603820800781,1381745.4078780746,189996.67340369,1,0.05496007160637298
_490086,142.96107482910156,21.67247009277344,1391397.5546533854,192954.839990484,1,0.047474705786005385
_500033,142.58763122558594,22.045913696289062,1426002.172324144,192215.51616559,1,0.04009163807205832
_500041,142.5762939453125,22.0572509765625,1461883.6440619978,199839.21771599,1,0.02193954477033245
_500205,142.4650421142578,22.168502807617188,1474312.5758211168,198706.47295669004,1,0.028460737962188475
_490003,142.11996459960938,22.513580322265625,1491645.6929236408,200813.74770569,1,0.024927154235102014
_490158,141.9868927001953,22.646652221679688,1491693.0746345494,203427.74360009,1,0.00944720169085288
_470206,141.96595764160156,22.66758728027344,1501244.377735416,203946.86282599,1,0.0056007133773434
_500163,141.93919372558594,22.694351196289062,1502209.9394991894,204342.79569679,1,0.013945292406280403
_500087,141.8698272705078,22.763717651367188,1529935.9958284043,210714.93060793,1,0.018816107178705067
_470056,141.8644256591797,22.769119262695312,1547004.043087161,212435.76905193,1,0.009411010422735915
_460032,141.81089782714844,22.82264709472656,1549956.564404396,212529.71637952005,1,0.007809198385137609
_490043,141.80233764648438,22.831207275390625,1562157.151123013,214479.32186802,1,0.0069636882470679295
_490116,141.7930145263672,22.84053039550781,1567617.8866511998,213666.71596252,1,0.007139888607884032
_500195,141.68418884277344,22.94935607910156,1569217.23029563,217297.58127496,1,0.008750879317265394
_490115,141.6839599609375,22.9495849609375,1580228.322985123,217348.52863252,1,0.0052814446166877405
_490148,141.6678924560547,22.965652465820312,1582309.507097691,215892.08262417003,1,0.016648326161654327
_500028,141.45999145507812,23.173553466796875,1602393.5611766784,219097.09093672,1,0.022222399981799694
_490010,141.39797973632812,23.235565185546875,1615110.7057141906,219564.34433752,1,0.057176171281608304
_500072,141.13442993164062,23.49911499023437,1727620.7500665348,228865.74681152,1,0.057109899068562855
_500080,141.12139892578125,23.51214599609375,1745572.563928805,224850.96805942,1,0.026392193039658736
_460024,140.78346252441406,23.850082397460938,1763210.878272883,234477.54401032,1,0.05614941990255269
_490120,140.3372802734375,24.2962646484375,1817146.976383051,235400.53394362,1,0.04336148485934458
_500115,140.28765869140625,24.34588623046875,1830630.503094557,236283.92434652,1,0.03221452159565327
_460192,140.0294189453125,24.6041259765625,1873930.074522073,238996.98667912,1,0.03890862447470181
_490117,140.02804565429688,24.605499267578125,1911634.556570388,262531.91043492,1,0.020365433413928106
_470046,140.01068115234375,24.62286376953125,1929295.878817192,263668.91001792,1,0.019075653453077913
_500048,139.91798400878906,24.715560913085938,1953254.1165899849,252804.67793332,1,0.01949051314982778
_490183,139.89418029785156,24.73936462402344,1971372.7888344603,268334.49494402,1,0.039576385419506234
_460021,139.625,25.008544921875,2032447.7889497008,258901.32809172,1,0.03548618940202599
_450147,139.62451171875,25.009033203125,2041610.9767571236,259503.03096112,1,0.008161749018615714
_500200,139.60922241210938,25.024322509765625,2053721.2693077135,259107.24007732,1,0.018722575218192157
_500069,139.40863037109375,25.22491455078125,2070521.7011009564,262722.45016562,1,0.04463752306461882
_490181,139.10284423828125,25.53070068359375,2123569.4519216567,266052.79128672,1,0.051134139939731704
_500036,138.97210693359375,25.66143798828125,2166425.416715519,278135.06975241995,1,0.12942749432389264
_450037,137.95416259765625,26.67938232421875,2361468.798406072,274304.9509351599,1,0.11868101369192013
_490052,137.73558044433594,26.897964477539062,2364291.373122544,276938.66734115995,1,0.026468760381627494
_490047,137.48622131347656,27.14732360839844,2384327.2527755424,280638.47543916,1,0.12684941602928299
_490017,137.44703674316406,27.186508178710938,2690126.4843716887,339000.757972874,1,0.1228154980890967
_500070,137.37762451171875,27.25592041015625,2718702.866280997,341295.862332374,1,0.023469395996109494
_470175,137.2342071533203,27.399337768554688,2732763.2126882016,343235.70757437404,1,0.024314004451439705
_500111,137.0535888671875,27.5799560546875,2751412.5786545905,347922.993665174,1,0.036538232411102683
_500155,136.93572998046875,27.69781494140625,2802779.8724951404,346781.419004874,1,0.03746295057101902
_500149,136.6753692626953,27.958175659179688,2815210.82066108,351861.358541774,1,0.025864161566098262
_500076,136.4925537109375,28.1409912109375,2826674.2761736107,349842.97872991394,1,inf
_500161,160.8023223876953,3.831222534179688,140398.30054134526,16314.072941,2,inf
_500045,159.94203186035156,4.6915130615234375,146236.3413071157,21738.4005475,2,0.048883560520251106
_500020,159.63523864746094,4.998306274414063,149089.9397722655,22642.2958017,2,0.04212236980272943
_500148,159.0907440185547,5.5428009033203125,170813.20575373885,27176.2128134,2,0.08113455695320816
_500018,157.95248413085938,6.681060791015625,191665.4974454842,26614.9151716,2,0.05850135940937269
_500179,157.83035278320312,6.803192138671875,196303.4068726016,27596.518888394,2,0.02174271698158544
_500144,157.5728759765625,7.0606689453125,210971.77903990165,31408.982734399997,2,0.01884118678113983
_500221,157.560791015625,7.07275390625,219606.88069892427,30757.8166881,2,0.006104702997433491
_500182,157.5070343017578,7.126510620117188,220901.94266913555,28700.3341697,2,0.020367664959333377
_500102,157.09422302246094,7.5393218994140625,225409.4565725224,33170.8334847,2,0.02683434177073612
_500073,156.90805053710938,7.725494384765625,230286.64677457948,31105.796571,2,0.012663924809733641
_500010,156.83084106445312,7.802703857421875,231974.25224854145,35769.4163067,2,0.0069284627575590015
_500083,156.7849884033203,7.848556518554687,236206.5604368753,30551.1165466,2,0.05072891711403107
_500203,155.86415100097656,8.769393920898438,268051.85991948884,40134.7005923,2,0.05290456623915033
_500188,155.7504425048828,8.883102416992188,270909.65509897855,41922.230073,2,0.013118671008245913
_500006,155.60391235351562,9.029632568359377,276247.17572691943,42254.74912939999,2,0.018832339073771756
_500197,155.52552795410156,9.108016967773438,299130.09475991613,43202.6242882,2,0.04130781799640504
_500039,154.9118194580078,9.721725463867188,316147.63406469155,45450.7476419,2,0.08965869955738133
_500193,153.78506469726562,10.848480224609377,359359.96469343523,49893.7002187,2,0.12343932260729475
_500062,152.80657958984375,11.82696533203125,431277.8753713684,59018.53134747,2,0.16016092721284203
_500103,151.26348876953125,13.37005615234375,531978.470464602,80438.59608490001,2,0.10086769369008017
_500173,151.14842224121094,13.485122680664062,532232.5400631315,77004.56665139,2,0.011552506129205796
_500097,151.0564727783203,13.577072143554688,541647.6038902425,90202.01226990002,2,0.012484299029287656
_500089,151.01885986328125,13.61468505859375,553102.9582346297,90906.30252910002,2,0.009992441086166957
_500054,150.91937255859375,13.71417236328125,554655.4902808288,71008.7518593,2,0.00777514484426435
_420176,150.8510284423828,13.782516479492188,556455.4713015873,92008.2825238,2,0.005454425757161904
_490067,150.81385803222656,13.819686889648438,558360.2571778335,83534.1253383,2,0.0080705209060571
_420119,150.76162719726562,13.871917724609377,569322.37587266,92845.286593,2,0.024750566534531882
_500166,150.4080352783203,14.225509643554688,583248.4061462169,84902.49296669,2,0.03855721051244551
_500213,150.24777221679688,14.385772705078123,621193.6957593326,87928.57623249,2,0.09936706665416226
_490134,149.27784729003906,15.355697631835938,738410.5972027384,105295.9051454,2,0.08830935302891571
_500040,149.08518981933594,15.548355102539062,741582.3868218445,99892.232808,2,0.014462642124847184
_480106,148.9807891845703,15.652755737304688,746321.047756999,97839.70018366,2,0.03733438572198529
_500222,148.63827514648438,15.995269775390623,797414.2830009705,123597.0053996,2,0.04305860734217461
_500216,148.5385284423828,16.095016479492188,818813.0079320932,130241.4932652,2,0.1590251282412058
_500134,146.68386840820312,17.949676513671875,1029608.2563444056,137885.16052714997,2,0.19096338505189478
_500157,146.1195068359375,18.5140380859375,1089660.1176272614,143528.07351665,2,0.2045574040173465
_500009,144.0404510498047,20.593093872070312,1313958.7668467022,180648.74385819,2,0.1690258833821141
_490159,143.95518493652344,20.67835998535156,1326825.6714177749,181485.74792739,2,0.011087320653385878
_500017,143.89320373535156,20.74034118652344,1328931.5517380612,179315.41879379,2,0.007477977985548803
_470019,143.8880615234375,20.7454833984375,1340487.2266606344,180266.61582869,2,0.0602754120448367
_500085,143.06640625,21.567138671875,1407419.1096923228,189997.43467129,2,0.1257312542210409
_500047,142.19346618652344,22.44007873535156,1507535.2729976748,209666.89851467003,2,0.08209265860334061
_490082,141.95230102539062,22.68124389648437,1515639.7243592069,204701.27449519,2,0.035623575600090655
_500162,141.81982421875,22.813720703125,1566652.324887426,213270.78309172,2,0.027007359546054176
_500206,141.7869415283203,22.846603393554688,1573509.511072618,216179.65300352,2,0.025025949261605448
_480066,141.54727172851562,23.08627319335937,1607068.626053631,217672.75092423,2,0.02234814845750923
_500219,141.54434204101562,23.08920288085937,1609688.630784071,217727.71137817003,2,0.002033710918978079
_500035,141.52369689941406,23.109848022460938,1610195.1674364088,217816.76342903,2,0.05294699960870901
_500118,141.5018768310547,23.131668090820312,1754323.0407179547,232013.61931623,2,0.11136259226538525
_500186,140.55615234375,24.077392578125,1817192.949161205,234703.64102372,2,0.06113561112694367
_500211,140.54647827148438,24.087066650390625,1821002.1319008428,234947.72204672,2,0.009023814890983799
_500181,140.37661743164062,24.25692749023437,1822771.8456352716,231110.34606072,2,0.09725814263925935
_500099,139.894287109375,24.7392578125,2023124.802755872,258238.14634532,2,0.12703966245500042
_490105,139.4292449951172,25.20429992675781,2076218.966831999,257266.94328648,2,0.09487119878180536
_500185,139.13600158691406,25.497543334960938,2206771.8032029457,277837.00712556,2,0.2852931895692552
_500133,137.48928833007812,27.144256591796875,2666146.202656568,337509.161406874,2,0.2501996677817583
_460203,137.428955078125,27.20458984375,2723499.629803975,343186.23114487395,2,0.04671965140259873
_500189,137.20846557617188,27.425079345703125,2766833.266821041,348912.537924374,2,0.06918806030325152
_450139,136.6075897216797,28.025955200195312,2827726.2137052007,353593.60761977395,2,0.04999210595871048
_500220,136.60525512695312,28.028289794921875,2841065.636496746,354177.98726627394,2,0.011947152791081564
_500129,136.5907440185547,28.042800903320312,2859558.0400356585,369113.1568602739,2,inf
_500079,159.2257537841797,5.4077911376953125,181492.8251134799,30291.1679212,3,inf
_500174,159.09967041015625,5.53387451171875,193073.3443831756,28461.3088494,3,0.050781512520282256
_500201,158.04466247558594,6.588882446289063,193987.0862968385,30805.5628697,3,0.051185262805764166
_500192,157.8596954345703,6.773849487304688,200188.63884946704,29679.1476525,3,0.023532921773381777
_500075,157.666015625,6.967529296875,218448.97095602256,32641.6976575,3,0.020340296820406462
_500190,157.53750610351562,7.096038818359375,221895.03942660557,31477.1175021,3,0.027799293018633937
_500127,157.09515380859375,7.53839111328125,233668.04793994472,34427.7329755,3,0.059624998498617285
_500060,156.45590209960938,8.177642822265625,270344.05609735934,37164.7602025,3,0.050667198202895544
_500132,156.16615295410156,8.467391967773438,273743.3309997267,42062.1791283,3,0.026879827368887735
_500154,155.835693359375,8.7978515625,277507.6959235477,42107.45119959999,3,0.020865727979770383
_500120,155.6905517578125,8.9429931640625,279950.8038179564,42234.5573823,3,0.02458373803028166
_500217,155.63441467285156,8.999130249023438,324565.9283421876,53500.3185126,3,0.02758523742943541
_500156,155.56825256347656,9.065292358398438,344216.73879217193,53796.47470869999,3,0.13751078406144307
_500187,153.40687561035156,11.226669311523438,465847.0621349447,57711.4914697,3,0.2620492010781019
_500049,150.8921661376953,13.741378784179688,565727.972442799,92580.7918853,3,0.15744411732752472
_500067,150.46560668945312,14.167938232421877,584347.8533651917,99829.2420598,3,0.12901671756180322
_500059,149.27894592285156,15.354598999023438,751049.7977888483,105662.7566873,3,0.6471973935828068
_500116,142.3613739013672,22.27217102050781,1512698.1501909003,205155.79048622,3,0.7182471658406122
_500143,140.68008422851562,23.95346069335937,1825043.4317708411,224329.22422416,3,0.607545106818248
_500092,137.75816345214844,26.87538146972656,2716732.712415599,342510.1025023739,3,inf
_500158,158.137451171875,6.49609375,195877.3994838634,27986.345996699994,4,inf
_500135,158.04708862304688,6.586456298828125,200858.2349446532,27598.10862227,4,0.012809343266505718
_500198,157.87022399902344,6.7633209228515625,202426.72192176868,27325.6643585,4,0.08884029708052557
_500215,156.53623962402344,8.097305297851562,284195.4255231083,39370.2812052,4,0.41576565580994007
_500032,150.7502899169922,13.883255004882812,586983.6981194641,93982.286176,4,0.3451069340939483
_500183,150.5388641357422,14.094680786132812,593716.4182720244,99510.7118309,4,0.8278301700429518
_500001,141.27418518066406,23.359359741210938,1872951.1725271435,225140.84479132,4,0.8728665454572702
_500168,140.6923065185547,23.941238403320312,1965702.3488567711,267593.24878272,4,inf
_500131,159.23294067382812,5.400604248046875,196828.45569207557,28601.3744272,5,inf
_500094,158.868896484375,5.7646484375,203574.96638584425,28553.827625,5,1.3500425406949823
_500061,141.50128173828125,23.13226318359375,2041881.6776898047,256193.21810652,5,inf
_500180,159.94314575195312,4.690399169921875,220870.8404079082,27046.9325607,6,inf
